14:21:03	47.61040509	12.97431757	666.883	
14:21:04	47.61040509	12.97431757	666.883	
14:21:05	47.61040509	12.97431757	666.883	
14:21:06	47.61040509	12.97431757	666.883	
14:21:07	47.61040509	12.97431757	666.883	
14:21:08	47.61040509	12.97431757	666.883	
14:21:09	47.61040509	12.97431757	666.883	
14:21:10	47.61040509	12.97431757	666.883	
14:21:11	47.61040509	12.97431757	666.883	
14:21:12	47.61040509	12.97431757	666.883	
14:21:13	47.61040509	12.97431757	666.883	
14:21:14	47.61040509	12.97431757	666.883	
14:21:15	47.61040509	12.97431757	666.883	
14:21:16	47.61040509	12.97431757	666.883	
14:21:17	47.61040509	12.97431757	666.883	
14:21:18	47.61040509	12.97431757	666.883	
14:21:19	47.61040509	12.97431757	666.883	
14:21:20	47.61040509	12.97431757	666.883	
14:21:21	47.61040509	12.97431757	666.883	
14:21:22	47.61040509	12.97431757	666.883	
14:21:23	47.61040509	12.97431757	666.883	
14:21:24	47.61040509	12.97431757	666.883	
14:21:25	47.61040509	12.97431757	666.883	
14:21:26	47.61040509	12.97431757	666.883	
14:21:27	47.61040509	12.97431757	666.883	
14:21:28	47.61040509	12.97431757	666.883	
14:21:29	47.61040558	12.97431519	666.874	
14:21:30	47.61040691	12.97430598	666.896	
14:21:31	47.61040852	12.97428864	666.909	
14:21:32	47.61040996	12.97426305	666.928	
14:21:33	47.61041381	12.9742201	666.942	
14:21:34	47.61042429	12.97415572	666.977	
14:21:35	47.61044337	12.97406929	667.049	
14:21:36	47.61046649	12.97396715	667.175	
14:21:37	47.6104899	12.97386562	667.296	
14:21:38	47.61051727	12.97375073	667.427	
14:21:39	47.6105493	12.97361906	667.545	
14:21:40	47.61058501	12.97347078	667.723	
14:21:41	47.61062233	12.97331057	667.914	
14:21:42	47.61065845	12.97315278	668.096	
14:21:43	47.61069473	12.97299343	668.267	
14:21:44	47.61073315	12.97282558	668.431	
14:21:45	47.61077288	12.97265201	668.585	
14:21:46	47.61081263	12.97247921	668.769	
14:21:47	47.61085168	12.97231006	668.934	
14:21:48	47.6108907	12.97214438	669.048	
14:21:49	47.61092974	12.97197865	669.196	
14:21:50	47.61096875	12.97181359	669.312	
14:21:51	47.61100725	12.97164953	669.423	
14:21:52	47.61104593	12.97148402	669.555	
14:21:53	47.61108509	12.97131672	669.689	
14:21:54	47.61112454	12.97114759	669.831	
14:21:55	47.61116388	12.97097789	669.931	
14:21:56	47.61120296	12.97081052	670.082	
14:21:57	47.61124162	12.97064634	670.230	
14:21:58	47.61127944	12.97048609	670.336	
14:21:59	47.61131471	12.97033177	670.438	
14:22:00	47.61134614	12.97018341	670.564	
14:22:01	47.61137098	12.97003976	670.623	
14:22:02	47.61138664	12.96990149	670.749	
14:22:03	47.61138862	12.9697676	670.838	
14:22:04	47.61137348	12.96963159	670.926	
14:22:05	47.61133732	12.96950067	670.998	
14:22:06	47.61127732	12.96938668	670.971	
14:22:07	47.61119601	12.96929316	670.918	
14:22:08	47.61110204	12.96920611	670.870	
14:22:09	47.61100364	12.96911405	670.840	
14:22:10	47.61090307	12.96902035	670.787	
14:22:11	47.61080164	12.96892323	670.805	
14:22:12	47.61069898	12.96882597	670.833	
14:22:13	47.61059738	12.96872883	670.898	
14:22:14	47.61049906	12.96863342	670.978	
14:22:15	47.61040304	12.96853737	671.167	
14:22:16	47.61031121	12.96843699	671.236	
14:22:17	47.61022913	12.96832306	671.347	
14:22:18	47.61015888	12.9681936	671.388	
14:22:19	47.61010095	12.96805295	671.475	
14:22:20	47.61003224	12.96790412	671.122	
14:22:21	47.60995855	12.96776883	670.938	
14:22:22	47.60988189	12.96764452	670.907	
14:22:23	47.60980423	12.96752875	671.011	
14:22:24	47.60972757	12.96741917	671.235	
14:22:25	47.60965387	12.96731347	671.564	
14:22:26	47.60958516	12.96720941	671.987	
14:22:27	47.60952349	12.96710474	672.491	
14:22:28	47.609471	12.96699721	673.064	
14:22:29	47.60942991	12.96688455	673.696	
14:22:30	47.60940257	12.96676444	674.377	
14:22:31	47.60939145	12.96663447	675.098	
14:22:32	47.6093992	12.96649214	675.849	
14:22:33	47.60942863	12.96633484	676.621	
14:22:34	47.60946863	12.96616497	677.175	
14:22:35	47.60950817	12.96598484	677.272	
14:22:36	47.60954842	12.96580441	677.284	
14:22:37	47.60958831	12.96562528	677.366	
14:22:38	47.60962549	12.96544696	677.530	
14:22:39	47.60965672	12.96526534	677.780	
14:22:40	47.60968058	12.96507788	678.114	
14:22:41	47.60969482	12.96488737	678.644	
14:22:42	47.60970248	12.96469939	679.343	
14:22:43	47.60970536	12.96451513	679.923	
14:22:44	47.60970332	12.96433435	680.525	
14:22:45	47.609696	12.96415379	681.163	
14:22:46	47.60968228	12.96397317	681.810	
14:22:47	47.60966168	12.96379346	682.457	
14:22:48	47.60963483	12.96361466	683.109	
14:22:49	47.6096047	12.96343749	683.777	
14:22:50	47.60957185	12.96326499	684.466	
14:22:51	47.60953471	12.96309487	685.079	
14:22:52	47.6094939	12.96292545	685.707	
14:22:53	47.60945029	12.9627565	686.367	
14:22:54	47.60940638	12.96258835	687.037	
14:22:55	47.60936467	12.96242189	687.654	
14:22:56	47.60932359	12.96225963	688.239	
14:22:57	47.60928357	12.96210531	688.763	
14:22:58	47.60924595	12.96195802	689.200	
14:22:59	47.60921136	12.9618213	689.661	
14:23:00	47.6091814	12.96170053	689.959	
14:23:01	47.60915545	12.9615937	690.170	
14:23:02	47.60913514	12.96150443	690.322	
14:23:03	47.60912047	12.96143481	690.449	
14:23:04	47.60910317	12.96138141	690.615	
14:23:05	47.60907334	12.96134416	690.897	
14:23:06	47.60903299	12.96133172	691.199	
14:23:07	47.60898779	12.96132978	691.558	
14:23:08	47.60893931	12.9613185	691.981	
14:23:09	47.60888814	12.96129601	692.449	
14:23:10	47.60883521	12.96126571	692.975	
14:23:11	47.60879217	12.96123635	693.453	
14:23:12	47.60876364	12.96121574	693.806	
14:23:13	47.6087368	12.96119588	694.166	
14:23:14	47.60869754	12.96117356	694.591	
14:23:15	47.60864553	12.96116442	695.089	
14:23:16	47.60858451	12.96117786	695.626	
14:23:17	47.60852111	12.96120797	696.179	
14:23:18	47.60846116	12.96124195	696.685	
14:23:19	47.60839009	12.96128278	697.247	
14:23:20	47.60830597	12.96133086	697.911	
14:23:21	47.60821279	12.96139232	698.652	
14:23:22	47.60812228	12.96146444	699.338	
14:23:23	47.6080407	12.9615419	699.796	
14:23:24	47.60796499	12.96162005	700.114	
14:23:25	47.60789122	12.96170686	700.355	
14:23:26	47.60781717	12.96180643	700.355	
14:23:27	47.6077417	12.96192434	700.490	
14:23:28	47.60766863	12.96205583	700.385	
14:23:29	47.60760876	12.96220292	699.642	
14:23:30	47.60756051	12.96235696	699.003	
14:23:31	47.60752592	12.96251917	698.474	
14:23:32	47.60750561	12.9626849	697.899	
14:23:33	47.60749793	12.96285304	697.323	
14:23:34	47.60750196	12.96302346	696.604	
14:23:35	47.60751364	12.96319537	695.717	
14:23:36	47.60752605	12.96336819	694.412	
14:23:37	47.60753316	12.9635454	692.995	
14:23:38	47.60752962	12.96372196	692.088	
14:24:00	47.60644492	12.96702694	680.614	
14:24:01	47.60637337	12.96716022	680.737	
14:24:02	47.60630275	12.96729422	680.870	
14:24:03	47.60623352	12.9674292	680.991	
14:24:04	47.60616616	12.96756542	681.082	
14:24:05	47.60610119	12.96770317	681.121	
14:24:06	47.60603913	12.96784274	681.086	
14:24:07	47.60598055	12.96798445	680.956	
14:24:08	47.60592604	12.96812864	680.708	
14:24:09	47.60587623	12.96827567	680.317	
14:24:10	47.60583181	12.96842593	679.758	
14:24:11	47.60579342	12.96858073	679.053	
14:24:12	47.60575554	12.96874318	678.150	
14:24:13	47.60571451	12.96891344	677.055	
14:24:14	47.60567215	12.96909075	675.942	
14:24:15	47.60562976	12.96927111	674.969	
14:24:16	47.60558573	12.96945421	674.056	
14:24:17	47.60554078	12.9696377	673.197	
14:24:18	47.60549522	12.96982272	672.219	
14:24:19	47.6054495	12.97000888	671.307	
14:24:20	47.6054019	12.97019456	670.438	
14:24:21	47.60535066	12.97037964	669.602	
14:24:22	47.60529487	12.97056389	668.843	
14:24:23	47.60523278	12.97074858	668.226	
14:24:24	47.60516497	12.97093475	667.642	
14:24:25	47.60509289	12.97111998	667.138	
14:24:26	47.60502077	12.97130175	666.738	
14:24:27	47.60494932	12.97147841	666.527	
14:24:28	47.60488357	12.97165367	665.964	
14:24:29	47.60481839	12.97181898	665.735	
14:24:30	47.60475503	12.97197773	665.526	
14:24:31	47.60469356	12.97213176	665.428	
14:24:32	47.60463622	12.97228331	665.340	
14:24:33	47.60458689	12.97243509	665.185	
14:24:34	47.6045532	12.97258847	665.043	
14:24:35	47.60453289	12.97274205	664.863	
14:24:36	47.60452381	12.97289443	664.589	
14:24:37	47.60452394	12.9730442	664.169	
14:24:38	47.60453135	12.97318992	663.547	
14:24:39	47.60454417	12.97333012	662.665	
14:24:40	47.60455108	12.97345817	661.578	
14:24:41	47.60455027	12.97356792	660.979	
14:24:42	47.60454369	12.97366499	661.023	
14:24:43	47.60453389	12.97375047	662.122	
14:24:44	47.60452966	12.97383903	664.605	
14:24:45	47.60453683	12.97392522	667.297	
14:24:46	47.60455934	12.97400478	669.790	
14:24:47	47.60459842	12.97407545	684.330	
14:24:48	47.60464973	12.97405952	668.539	
14:24:49	47.60470989	12.97402651	667.092	
14:24:50	47.60477863	12.97398138	667.171	
14:24:51	47.60486446	12.9739318	667.354	
14:24:52	47.6049692	12.97389168	667.511	
14:24:53	47.60507987	12.97387077	667.677	
14:24:54	47.60518897	12.97387225	667.835	
14:24:55	47.60529982	12.97389997	668.030	
14:24:56	47.60541011	12.97394985	668.196	
14:24:57	47.60551883	12.97401137	668.303	
14:24:58	47.60562016	12.97404179	666.486	
14:24:59	47.6057383	12.97409159	664.408	
14:25:00	47.60586178	12.9741155	663.251	
14:25:01	47.60598441	12.97411485	663.499	
14:25:02	47.60610834	12.97410411	663.718	
14:25:03	47.60623515	12.97409372	663.919	
14:25:04	47.6063619	12.97408706	664.004	
14:25:05	47.60648841	12.97408536	664.080	
14:25:06	47.60661519	12.97409184	664.203	
14:25:07	47.60674134	12.97410783	664.183	
14:25:08	47.60686655	12.97412591	664.238	
14:25:09	47.6069911	12.97414825	664.410	
14:25:10	47.60711511	12.97417627	664.557	
14:25:11	47.60723848	12.97420221	664.617	
14:25:12	47.60736393	12.97420894	664.837	
14:25:13	47.60749364	12.97419523	664.841	
14:25:14	47.60762511	12.97417127	664.806	
14:25:15	47.6077534	12.97414116	664.893	
14:25:16	47.60787773	12.97411451	664.997	
14:25:17	47.60799412	12.97410171	665.055	
14:25:18	47.60810225	12.97410848	665.004	
14:25:19	47.60819958	12.97413519	665.086	
14:25:20	47.60828301	12.9741747	665.162	
14:25:21	47.60834903	12.97421558	665.210	
14:25:22	47.60839817	12.97425029	665.241	
14:25:23	47.60843333	12.97427685	665.250	
14:25:24	47.608463	12.97430043	665.244	
14:25:25	47.60848926	12.97432158	665.267	
14:25:26	47.60851466	12.97433718	665.265	
14:25:27	47.60854468	12.97434502	665.285	
14:25:28	47.60858591	12.97435878	665.349	
14:25:29	47.60863622	12.97438971	665.347	
14:25:30	47.60869587	12.97443532	665.325	
14:25:31	47.60877292	12.97449499	665.386	
14:25:32	47.60886408	12.97455855	665.477	
14:25:33	47.60897322	12.97462328	665.510	
14:25:34	47.60909113	12.97468562	665.564	
14:25:35	47.60921209	12.97474712	665.638	
14:25:36	47.60933611	12.97480238	665.690	
14:25:37	47.60945989	12.97484839	665.760	
14:25:38	47.60958245	12.97488022	665.823	
14:25:39	47.60969945	12.97489313	665.857	
14:25:40	47.60980705	12.97489074	665.865	
14:25:41	47.60990193	12.97488155	665.871	
14:25:42	47.60998123	12.9748804	665.893	
14:25:43	47.61004652	12.97489132	665.922	
14:25:44	47.61009765	12.97491346	665.946	
14:25:45	47.61013643	12.97493604	665.986	
14:25:46	47.61017528	12.97494656	666.103	
14:25:47	47.61021464	12.97493249	666.210	
14:25:48	47.61024493	12.97489578	666.241	
14:25:49	47.61026209	12.9748471	666.285	
14:25:50	47.61027378	12.97479857	666.334	
14:25:51	47.61028471	12.97475505	666.374	
14:25:52	47.61029564	12.97471986	666.417	
14:25:53	47.61030553	12.9746906	666.447	
14:25:54	47.61031275	12.97466831	666.461	
14:25:55	47.61031851	12.97464982	666.482	
14:25:56	47.61032548	12.9746277	666.504	
14:25:57	47.61033809	12.97458534	666.559	
14:25:58	47.61035275	12.97453356	666.630	
14:25:59	47.61036524	12.97448594	666.683	
14:26:00	47.61037481	12.97444812	666.719	
14:26:01	47.61038108	12.97442158	666.755	
14:26:02	47.61038584	12.97440202	666.786	
14:26:03	47.61038996	12.97438433	666.816	
14:26:04	47.61039411	12.97436651	666.830	
14:26:05	47.61039735	12.97435191	666.845	
14:26:06	47.61039974	12.97434159	666.856	
14:26:07	47.61040157	12.9743336	666.870	
14:26:08	47.61040323	12.97432624	666.883	
14:26:09	47.61040471	12.97431985	666.885	
14:26:10	47.61040529	12.97431717	666.899	
14:26:11	47.61040532	12.97431713	666.896	
